[uncertainty]
valid_channels: 81
nan_channels: 1
macro_f1: 0.3493834907710069
median_f1: 0.1766561514195583
micro_precision: 0.31708153416306833
micro_recall: 0.39266167589330647
micro_f1: 0.3508473623563138
f1_ge_0_8: 14
f1_ge_0_5: 30
zero_f1: 11
elapsed_seconds: 4548.872922897339

[adaptive]
valid_channels: 81
nan_channels: 1
macro_f1: 0.3883482939891143
median_f1: 0.2874821513564969
micro_precision: 0.39295433113296513
micro_recall: 0.45874748364368395
micro_f1: 0.42330967826200533
f1_ge_0_8: 16
f1_ge_0_5: 34
zero_f1: 12
elapsed_seconds: 5894.987490415573

better_channels: 18
worse_channels: 36
same_channels: 27
mean_f1_delta: -0.038964803218107434
median_f1_delta: 0.0

Top improvements by F1 delta
         f1_uncertainty  f1_adaptive  precision_uncertainty  precision_adaptive  recall_uncertainty  recall_adaptive  f1_delta  precision_delta  recall_delta
channel                                                                                                                                                      
D-16           0.837276     0.000000               0.783893            0.000000            0.898462         0.000000  0.837276         0.783893      0.898462
T-9            0.723404     0.465686               0.871795            0.318792            0.618182         0.863636  0.257718         0.553003     -0.245455
E-8            0.418079     0.349582               0.504545            0.308354            0.356913         0.403537  0.068497         0.196192     -0.046624
T-13           0.067278     0.000000               0.142857            0.000000            0.044000         0.000000  0.067278         0.142857      0.044000
G-4            0.273973     0.225564               0.158730            0.127119            1.000000         1.000000  0.048409         0.031612      0.000000
E-6            0.849673     0.807453               0.738636            0.677083            1.000000         1.000000  0.042220         0.061553      0.000000
G-1            0.119116     0.100659               0.067318            0.054229            0.516667         0.700000  0.018457         0.013090     -0.183333
G-6            0.018361     0.000000               0.009306            0.000000            0.680000         0.000000  0.018361         0.009306      0.680000
T-2            0.083963     0.068715               0.053887            0.043446            0.190022         0.164238  0.015248         0.010440      0.025785
T-4            0.626263     0.612245               1.000000            1.000000            0.455882         0.441176  0.014018         0.000000      0.014706
F-3            0.014700     0.004402               0.007405            0.002225            1.000000         0.200000  0.010299         0.005179      0.800000
A-7            0.968802     0.958701               0.967193            0.945683            0.970417         0.972083  0.010101         0.021510     -0.001667

Worst regressions by F1 delta
         f1_uncertainty  f1_adaptive  precision_uncertainty  precision_adaptive  recall_uncertainty  recall_adaptive  f1_delta  precision_delta  recall_delta
channel                                                                                                                                                      
M-7            0.105997     0.869565               0.056972            0.769231            0.760000         1.000000 -0.763568        -0.712259     -0.240000
A-9            0.011057     0.751994               0.050314            0.606865            0.006211         0.988354 -0.740936        -0.556550     -0.982143
A-6            0.019897     0.507692               0.010087            0.366667            0.725000         0.825000 -0.487795        -0.356580     -0.100000
M-2            0.351959     0.776070               0.657074            0.737174            0.240351         0.819298 -0.424111        -0.080100     -0.578947
D-11           0.044630     0.441558               0.024353            1.000000            0.266667         0.283333 -0.396928        -0.975647     -0.016667
A-4            0.051724     0.435374               0.500000            0.864865            0.027273         0.290909 -0.383650        -0.364865     -0.263636
D-6            0.367347     0.652778               1.000000            0.734375            0.225000         0.587500 -0.285431         0.265625     -0.362500
G-7            0.409949     0.540761               0.265261            0.422505            0.901887         0.750943 -0.130812        -0.157244      0.150943
A-3            0.021390     0.140704               1.000000            1.000000            0.010811         0.075676 -0.119313         0.000000     -0.064865
F-4            0.020067     0.135685               0.011364            0.074963            0.085714         0.714286 -0.115618        -0.063599     -0.628571
D-15           0.148909     0.249733               0.417266            0.393939            0.090625         0.182812 -0.100824         0.023327     -0.092187
E-1            0.570414     0.641611               0.710914            1.000000            0.476285         0.472332 -0.071197        -0.289086      0.003953
P-3            0.864956     0.914928               0.986564            0.985307            0.770037         0.853933 -0.049972         0.001257     -0.083895
P-11           0.705290     0.753056               0.818713            0.841530            0.619469         0.681416 -0.047767        -0.022817     -0.061947
F-1            0.145815     0.191304               0.080119            0.109220            0.810000         0.770000 -0.045490        -0.029101      0.040000
